{
  "stat_job_fb55bf847666c4de": {
    "id": "stat_job_fb55bf847666c4de",
    "type": "statistical",
    "dataset_id": "ds_21ea1a7de5d91a00",
    "data": {
      "overall_quality_score": 50.0,
      "quality_grade": "D",
      "num_columns_analyzed": 12,
      "num_numeric": 10,
      "num_categorical": 2,
      "column_reports": {
        "age": {
          "type": "numerical",
          "ks_test": {
            "statistic": 0.495,
            "p_value": 0.0,
            "similar": false
          },
          "mean_variance": {
            "real_mean": 54.796,
            "synth_mean": 58.49,
            "mean_deviation_pct": 6.74,
            "real_variance": 211.642,
            "synth_variance": 1418.066,
            "variance_ratio": 6.7003
          },
          "distribution": {
            "bins": [
              19.2833,
              21.85,
              24.4167,
              26.9833,
              29.55,
              32.1167,
              34.6833,
              37.25,
              39.8167,
              42.3833,
              44.95,
              47.5167,
              50.0833,
              52.65,
              55.2167,
              57.7833,
              60.35,
              62.9167,
              65.4833,
              68.05,
              70.6167,
              73.1833,
              75.75,
              78.3167,
              80.8833,
              83.45,
              86.0167,
              88.5833,
              91.15,
              93.7167
            ],
            "real_counts": [
              0.002727,
              0.002338,
              0.002727,
              0.003896,
              0.005455,
              0.012078,
              0.007792,
              0.014416,
              0.017922,
              0.016364,
              0.028442,
              0.022597,
              0.026494,
              0.015195,
              0.035844,
              0.033117,
              0.017143,
              0.03039,
              0.015584,
              0.018701,
              0.011299,
              0.010909,
              0.011688,
              0.006234,
              0.007792,
              0.003117,
              0.004286,
              0.001169,
              0.001558,
              0.002338
            ],
            "synth_counts": [
              0.172208,
              0.000779,
              0.000779,
              0.003117,
              0.000779,
              0.000779,
              0.0,
              0.0,
              0.000779,
              0.000779,
              0.000779,
              0.000779,
              0.001558,
              0.001558,
              0.0,
              0.0,
              0.001558,
              0.001558,
              0.000779,
              0.000779,
              0.002338,
              0.0,
              0.0,
              0.000779,
              0.0,
              0.000779,
              0.000779,
              0.000779,
              0.000779,
              0.194026
            ]
          },
          "quality_score": 37.9
        },
        "blood_pressure_systolic": {
          "type": "numerical",
          "ks_test": {
            "statistic": 0.473,
            "p_value": 0.0,
            "similar": false
          },
          "mean_variance": {
            "real_mean": 129.81,
            "synth_mean": 132.86,
            "mean_deviation_pct": 2.35,
            "real_variance": 372.5484,
            "synth_variance": 2883.0866,
            "variance_ratio": 7.7388
          },
          "distribution": {
            "bins": [
              81.8667,
              85.6,
              89.3333,
              93.0667,
              96.8,
              100.5333,
              104.2667,
              108.0,
              111.7333,
              115.4667,
              119.2,
              122.9333,
              126.6667,
              130.4,
              134.1333,
              137.8667,
              141.6,
              145.3333,
              149.0667,
              152.8,
              156.5333,
              160.2667,
              164.0,
              167.7333,
              171.4667,
              175.2,
              178.9333,
              182.6667,
              186.4,
              190.1333
            ],
            "real_counts": [
              0.002143,
              0.002411,
              0.001339,
              0.003482,
              0.004821,
              0.006696,
              0.009375,
              0.009911,
              0.014732,
              0.016875,
              0.016875,
              0.016071,
              0.021696,
              0.019554,
              0.016071,
              0.021964,
              0.022232,
              0.016607,
              0.008571,
              0.010982,
              0.007232,
              0.006429,
              0.003482,
              0.003214,
              0.002143,
              0.000536,
              0.000536,
              0.000536,
              0.000536,
              0.000804
            ],
            "synth_counts": [
              0.128571,
              0.000536,
              0.001071,
              0.000536,
              0.0,
              0.0,
              0.000536,
              0.001607,
              0.000536,
              0.001071,
              0.002143,
              0.001071,
              0.002679,
              0.001071,
              0.000536,
              0.000536,
              0.000536,
              0.0,
              0.000536,
              0.000536,
              0.002143,
              0.002143,
              0.001071,
              0.002143,
              0.001071,
              0.002143,
              0.001071,
              0.001071,
              0.000536,
              0.110357
            ]
          },
          "quality_score": 42.3
        },
        "blood_pressure_diastolic": {
          "type": "numerical",
          "ks_test": {
            "statistic": 0.503,
            "p_value": 0.0,
            "similar": false
          },
          "mean_variance": {
            "real_mean": 81.381,
            "synth_mean": 91.148,
            "mean_deviation_pct": 12.0,
            "real_variance": 153.9398,
            "synth_variance": 1499.0963,
            "variance_ratio": 9.7382
          },
          "distribution": {
            "bins": [
              51.3167,
              53.95,
              56.5833,
              59.2167,
              61.85,
              64.4833,
              67.1167,
              69.75,
              72.3833,
              75.0167,
              77.65,
              80.2833,
              82.9167,
              85.55,
              88.1833,
              90.8167,
              93.45,
              96.0833,
              98.7167,
              101.35,
              103.9833,
              106.6167,
              109.25,
              111.8833,
              114.5167,
              117.15,
              119.7833,
              122.4167,
              125.05,
              127.6833
            ],
            "real_counts": [
              0.003797,
              0.001899,
              0.005316,
              0.009494,
              0.009494,
              0.006835,
              0.020127,
              0.025823,
              0.018987,
              0.029241,
              0.022785,
              0.037975,
              0.034557,
              0.023544,
              0.033038,
              0.026203,
              0.013291,
              0.021266,
              0.010633,
              0.007975,
              0.008354,
              0.003418,
              0.003418,
              0.000759,
              0.00038,
              0.00038,
              0.00038,
              0.0,
              0.0,
              0.00038
            ],
            "synth_counts": [
              0.171646,
              0.0,
              0.001519,
              0.000759,
              0.002278,
              0.000759,
              0.0,
              0.0,
              0.001519,
              0.000759,
              0.000759,
              0.0,
              0.0,
              0.0,
              0.000759,
              0.0,
              0.0,
              0.001519,
              0.000759,
              0.000759,
              0.0,
              0.001519,
              0.001519,
              0.000759,
              0.002278,
              0.0,
              0.004557,
              0.0,
              0.0,
              0.185316
            ]
          },
          "quality_score": 35.2
        },
        "cholesterol": {
          "type": "numerical",
          "ks_test": {
            "statistic": 0.453,
            "p_value": 0.0,
            "similar": false
          },
          "mean_variance": {
            "real_mean": 197.247,
            "synth_mean": 209.994,
            "mean_deviation_pct": 6.46,
            "real_variance": 1517.4074,
            "synth_variance": 11959.7174,
            "variance_ratio": 7.8817
          },
          "distribution": {
            "bins": [
              103.7667,
              111.3,
              118.8333,
              126.3667,
              133.9,
              141.4333,
              148.9667,
              156.5,
              164.0333,
              171.5667,
              179.1,
              186.6333,
              194.1667,
              201.7,
              209.2333,
              216.7667,
              224.3,
              231.8333,
              239.3667,
              246.9,
              254.4333,
              261.9667,
              269.5,
              277.0333,
              284.5667,
              292.1,
              299.6333,
              307.1667,
              314.7,
              322.2333
            ],
            "real_counts": [
              0.002257,
              0.000664,
              0.001858,
              0.001991,
              0.002257,
              0.005177,
              0.002655,
              0.006239,
              0.006372,
              0.007566,
              0.009159,
              0.010221,
              0.008628,
              0.009027,
              0.011283,
              0.010487,
              0.008894,
              0.006504,
              0.006372,
              0.004513,
              0.003982,
              0.002124,
              0.001726,
              0.001062,
              0.001062,
              0.000265,
              0.0,
              0.000133,
              0.000133,
              0.000133
            ],
            "synth_counts": [
              0.062124,
              0.000531,
              0.000531,
              0.000265,
              0.0,
              0.000531,
              0.000265,
              0.000265,
              0.000531,
              0.000531,
              0.000796,
              0.001327,
              0.000265,
              0.000265,
              0.000531,
              0.000265,
              0.000265,
              0.000531,
              0.0,
              0.000531,
              0.000265,
              0.0,
              0.000796,
              0.000265,
              0.001062,
              0.0,
              0.000531,
              0.000531,
              0.0,
              0.058938
            ]
          },
          "quality_score": 43.06
        },
        "bmi": {
          "type": "numerical",
          "ks_test": {
            "statistic": 0.488,
            "p_value": 0.0,
            "similar": false
          },
          "mean_variance": {
            "real_mean": 26.8608,
            "synth_mean": 27.8968,
            "mean_deviation_pct": 3.86,
            "real_variance": 23.9938,
            "synth_variance": 178.5846,
            "variance_ratio": 7.4429
          },
          "distribution": {
            "bins": [
              15.46,
              16.38,
              17.3,
              18.22,
              19.14,
              20.06,
              20.98,
              21.9,
              22.82,
              23.74,
              24.66,
              25.58,
              26.5,
              27.42,
              28.34,
              29.26,
              30.18,
              31.1,
              32.02,
              32.94,
              33.86,
              34.78,
              35.7,
              36.62,
              37.54,
              38.46,
              39.38,
              40.3,
              41.22,
              42.14
            ],
            "real_counts": [
              0.008696,
              0.015217,
              0.011957,
              0.018478,
              0.018478,
              0.034783,
              0.040217,
              0.043478,
              0.051087,
              0.073913,
              0.078261,
              0.075,
              0.093478,
              0.091304,
              0.063043,
              0.076087,
              0.061957,
              0.052174,
              0.045652,
              0.033696,
              0.029348,
              0.018478,
              0.019565,
              0.004348,
              0.008696,
              0.005435,
              0.006522,
              0.002174,
              0.002174,
              0.003261
            ],
            "synth_counts": [
              0.536957,
              0.0,
              0.002174,
              0.0,
              0.008696,
              0.0,
              0.004348,
              0.0,
              0.006522,
              0.004348,
              0.002174,
              0.008696,
              0.0,
              0.0,
              0.004348,
              0.002174,
              0.006522,
              0.0,
              0.004348,
              0.008696,
              0.0,
              0.0,
              0.004348,
              0.004348,
              0.002174,
              0.006522,
              0.002174,
              0.002174,
              0.002174,
              0.463043
            ]
          },
          "quality_score": 39.9
        },
        "glucose": {
          "type": "numerical",
          "ks_test": {
            "statistic": 0.471,
            "p_value": 0.0,
            "similar": false
          },
          "mean_variance": {
            "real_mean": 109.173,
            "synth_mean": 133.384,
            "mean_deviation_pct": 22.18,
            "real_variance": 872.5316,
            "synth_variance": 4715.4394,
            "variance_ratio": 5.4043
          },
          "distribution": {
            "bins": [
              62.3667,
              67.1,
              71.8333,
              76.5667,
              81.3,
              86.0333,
              90.7667,
              95.5,
              100.2333,
              104.9667,
              109.7,
              114.4333,
              119.1667,
              123.9,
              128.6333,
              133.3667,
              138.1,
              142.8333,
              147.5667,
              152.3,
              157.0333,
              161.7667,
              166.5,
              171.2333,
              175.9667,
              180.7,
              185.4333,
              190.1667,
              194.9,
              199.6333
            ],
            "real_counts": [
              0.01669,
              0.006761,
              0.006761,
              0.004648,
              0.010141,
              0.010563,
              0.011831,
              0.006972,
              0.016056,
              0.01331,
              0.013521,
              0.011197,
              0.012676,
              0.01162,
              0.006761,
              0.009718,
              0.008239,
              0.008662,
              0.005704,
              0.006127,
              0.00338,
              0.003169,
              0.001268,
              0.001056,
              0.00169,
              0.000845,
              0.000423,
              0.000634,
              0.000423,
              0.000423
            ],
            "synth_counts": [
              0.09338,
              0.001268,
              0.0,
              0.000423,
              0.000423,
              0.000423,
              0.0,
              0.000423,
              0.000423,
              0.002113,
              0.000423,
              0.000845,
              0.000423,
              0.0,
              0.001268,
              0.000423,
              0.0,
              0.000423,
              0.000423,
              0.00169,
              0.000423,
              0.000423,
              0.001268,
              0.002535,
              0.001268,
              0.0,
              0.0,
              0.001268,
              0.00169,
              0.097606
            ]
          },
          "quality_score": 34.61
        },
        "heart_rate": {
          "type": "numerical",
          "ks_test": {
            "statistic": 0.471,
            "p_value": 0.0,
            "similar": false
          },
          "mean_variance": {
            "real_mean": 74.483,
            "synth_mean": 81.966,
            "mean_deviation_pct": 10.05,
            "real_variance": 157.8355,
            "synth_variance": 1212.2253,
            "variance_ratio": 7.6803
          },
          "distribution": {
            "bins": [
              46.2,
              48.6,
              51.0,
              53.4,
              55.8,
              58.2,
              60.6,
              63.0,
              65.4,
              67.8,
              70.2,
              72.6,
              75.0,
              77.4,
              79.8,
              82.2,
              84.6,
              87.0,
              89.4,
              91.8,
              94.2,
              96.6,
              99.0,
              101.4,
              103.8,
              106.2,
              108.6,
              111.0,
              113.4,
              115.8
            ],
            "real_counts": [
              0.005,
              0.003333,
              0.008333,
              0.008333,
              0.005,
              0.018333,
              0.0125,
              0.030833,
              0.022917,
              0.023333,
              0.037083,
              0.019583,
              0.045833,
              0.022083,
              0.02375,
              0.030833,
              0.0175,
              0.022917,
              0.014167,
              0.01375,
              0.010833,
              0.005833,
              0.006667,
              0.000833,
              0.002083,
              0.003333,
              0.000417,
              0.000833,
              0.0,
              0.000417
            ],
            "synth_counts": [
              0.1825,
              0.000833,
              0.005,
              0.000833,
              0.000833,
              0.001667,
              0.000833,
              0.0,
              0.0,
              0.0025,
              0.0025,
              0.000833,
              0.0025,
              0.0,
              0.0025,
              0.000833,
              0.0,
              0.001667,
              0.000833,
              0.001667,
              0.003333,
              0.000833,
              0.0,
              0.0025,
              0.003333,
              0.001667,
              0.0,
              0.000833,
              0.0,
              0.195833
            ]
          },
          "quality_score": 39.46
        },
        "diabetes": {
          "type": "numerical",
          "ks_test": {
            "statistic": 0.104,
            "p_value": 0.001432,
            "similar": false
          },
          "mean_variance": {
            "real_mean": 0.378,
            "synth_mean": 0.482,
            "mean_deviation_pct": 27.51,
            "real_variance": 0.2354,
            "synth_variance": 0.2502,
            "variance_ratio": 1.063
          },
          "distribution": {
            "bins": [
              0.0167,
              0.05,
              0.0833,
              0.1167,
              0.15,
              0.1833,
              0.2167,
              0.25,
              0.2833,
              0.3167,
              0.35,
              0.3833,
              0.4167,
              0.45,
              0.4833,
              0.5167,
              0.55,
              0.5833,
              0.6167,
              0.65,
              0.6833,
              0.7167,
              0.75,
              0.7833,
              0.8167,
              0.85,
              0.8833,
              0.9167,
              0.95,
              0.9833
            ],
            "real_counts": [
              18.66,
              0.0,
              0.0,
              0.0,
              0.0,
              0.0,
              0.0,
              0.0,
              0.0,
              0.0,
              0.0,
              0.0,
              0.0,
              0.0,
              0.0,
              0.0,
              0.0,
              0.0,
              0.0,
              0.0,
              0.0,
              0.0,
              0.0,
              0.0,
              0.0,
              0.0,
              0.0,
              0.0,
              0.0,
              11.34
            ],
            "synth_counts": [
              15.54,
              0.0,
              0.0,
              0.0,
              0.0,
              0.0,
              0.0,
              0.0,
              0.0,
              0.0,
              0.0,
              0.0,
              0.0,
              0.0,
              0.0,
              0.0,
              0.0,
              0.0,
              0.0,
              0.0,
              0.0,
              0.0,
              0.0,
              0.0,
              0.0,
              0.0,
              0.0,
              0.0,
              0.0,
              14.46
            ]
          },
          "quality_score": 76.52
        },
        "hypertension": {
          "type": "numerical",
          "ks_test": {
            "statistic": 0.041,
            "p_value": 0.624855,
            "similar": true
          },
          "mean_variance": {
            "real_mean": 0.431,
            "synth_mean": 0.472,
            "mean_deviation_pct": 9.51,
            "real_variance": 0.2455,
            "synth_variance": 0.2497,
            "variance_ratio": 1.0172
          },
          "distribution": {
            "bins": [
              0.0167,
              0.05,
              0.0833,
              0.1167,
              0.15,
              0.1833,
              0.2167,
              0.25,
              0.2833,
              0.3167,
              0.35,
              0.3833,
              0.4167,
              0.45,
              0.4833,
              0.5167,
              0.55,
              0.5833,
              0.6167,
              0.65,
              0.6833,
              0.7167,
              0.75,
              0.7833,
              0.8167,
              0.85,
              0.8833,
              0.9167,
              0.95,
              0.9833
            ],
            "real_counts": [
              17.07,
              0.0,
              0.0,
              0.0,
              0.0,
              0.0,
              0.0,
              0.0,
              0.0,
              0.0,
              0.0,
              0.0,
              0.0,
              0.0,
              0.0,
              0.0,
              0.0,
              0.0,
              0.0,
              0.0,
              0.0,
              0.0,
              0.0,
              0.0,
              0.0,
              0.0,
              0.0,
              0.0,
              0.0,
              12.93
            ],
            "synth_counts": [
              15.84,
              0.0,
              0.0,
              0.0,
              0.0,
              0.0,
              0.0,
              0.0,
              0.0,
              0.0,
              0.0,
              0.0,
              0.0,
              0.0,
              0.0,
              0.0,
              0.0,
              0.0,
              0.0,
              0.0,
              0.0,
              0.0,
              0.0,
              0.0,
              0.0,
              0.0,
              0.0,
              0.0,
              0.0,
              14.16
            ]
          },
          "quality_score": 91.28
        },
        "heart_disease": {
          "type": "numerical",
          "ks_test": {
            "statistic": 0.257,
            "p_value": 0.0,
            "similar": false
          },
          "mean_variance": {
            "real_mean": 0.271,
            "synth_mean": 0.528,
            "mean_deviation_pct": 94.83,
            "real_variance": 0.1978,
            "synth_variance": 0.2497,
            "variance_ratio": 1.2627
          },
          "distribution": {
            "bins": [
              0.0167,
              0.05,
              0.0833,
              0.1167,
              0.15,
              0.1833,
              0.2167,
              0.25,
              0.2833,
              0.3167,
              0.35,
              0.3833,
              0.4167,
              0.45,
              0.4833,
              0.5167,
              0.55,
              0.5833,
              0.6167,
              0.65,
              0.6833,
              0.7167,
              0.75,
              0.7833,
              0.8167,
              0.85,
              0.8833,
              0.9167,
              0.95,
              0.9833
            ],
            "real_counts": [
              21.87,
              0.0,
              0.0,
              0.0,
              0.0,
              0.0,
              0.0,
              0.0,
              0.0,
              0.0,
              0.0,
              0.0,
              0.0,
              0.0,
              0.0,
              0.0,
              0.0,
              0.0,
              0.0,
              0.0,
              0.0,
              0.0,
              0.0,
              0.0,
              0.0,
              0.0,
              0.0,
              0.0,
              0.0,
              8.13
            ],
            "synth_counts": [
              14.16,
              0.0,
              0.0,
              0.0,
              0.0,
              0.0,
              0.0,
              0.0,
              0.0,
              0.0,
              0.0,
              0.0,
              0.0,
              0.0,
              0.0,
              0.0,
              0.0,
              0.0,
              0.0,
              0.0,
              0.0,
              0.0,
              0.0,
              0.0,
              0.0,
              0.0,
              0.0,
              0.0,
              0.0,
              15.84
            ]
          },
          "quality_score": 31.23
        },
        "gender": {
          "type": "categorical",
          "chi_squared": {
            "statistic": 0.402323,
            "p_value": 0.525892,
            "similar": true
          },
          "distribution": {
            "categories": [
              "Female",
              "Male"
            ],
            "real_proportions": [
              0.538,
              0.462
            ],
            "synth_proportions": [
              0.528,
              0.472
            ]
          },
          "quality_score": 100
        },
        "smoking_status": {
          "type": "categorical",
          "chi_squared": {
            "statistic": 15.726637,
            "p_value": 0.000385,
            "similar": false
          },
          "distribution": {
            "categories": [
              "Current",
              "Former",
              "Never"
            ],
            "real_proportions": [
              0.258,
              0.306,
              0.436
            ],
            "synth_proportions": [
              0.29,
              0.336,
              0.374
            ]
          },
          "quality_score": 0.08
        }
      },
      "correlation": {
        "real_correlation": [
          [
            1.0,
            0.05593347010750173,
            0.009997406892407825,
            0.018395695483167555,
            0.03238261653072905,
            -0.01005764360009265,
            -0.0015251285219415236,
            0.37587153460357314,
            0.24538013565261488,
            0.3037742927370157
          ],
          [
            0.05593347010750173,
            1.0,
            0.02975010254344437,
            0.008256935532552096,
            0.026035215221634572,
            0.00019816688119826358,
            -0.011291056333186568,
            0.271297380047548,
            0.581756246580414,
            0.21032514905034147
          ],
          [
            0.009997406892407825,
            0.02975010254344437,
            1.0,
            0.007919790901247538,
            0.024393537794914377,
            -0.032813532205869286,
            -0.025635967261376107,
            -0.025447390592135927,
            -0.013223971872135502,
            0.013379797887109624
          ],
          [
            0.018395695483167555,
            0.008256935532552096,
            0.007919790901247538,
            1.0,
            -0.027473214758061873,
            0.02043268087329794,
            0.053646475515982436,
            0.09077016718921364,
            0.07746207381157222,
            0.06177617956792369
          ],
          [
            0.03238261653072905,
            0.026035215221634572,
            0.024393537794914377,
            -0.027473214758061873,
            1.0,
            -0.01011248685368221,
            0.060373663165165514,
            0.2542660551541408,
            0.11907274841441882,
            0.22242589776593055
          ],
          [
            -0.01005764360009265,
            0.00019816688119826358,
            -0.032813532205869286,
            0.02043268087329794,
            -0.01011248685368221,
            1.0,
            0.01004082372231497,
            0.11096902729397186,
            0.07923267617325876,
            0.15226468142670707
          ],
          [
            -0.0015251285219415236,
            -0.011291056333186568,
            -0.025635967261376107,
            0.053646475515982436,
            0.060373663165165514,
            0.01004082372231497,
            1.0,
            -0.01865317119045209,
            -0.022863210030542952,
            -0.018972898760076927
          ],
          [
            0.37587153460357314,
            0.271297380047548,
            -0.025447390592135927,
            0.09077016718921364,
            0.2542660551541408,
            0.11096902729397186,
            -0.01865317119045209,
            1.0,
            0.504247467086631,
            0.4758794810505912
          ],
          [
            0.24538013565261488,
            0.581756246580414,
            -0.013223971872135502,
            0.07746207381157222,
            0.11907274841441882,
            0.07923267617325876,
            -0.022863210030542952,
            0.504247467086631,
            1.0,
            0.39615790523353406
          ],
          [
            0.3037742927370157,
            0.21032514905034147,
            0.013379797887109624,
            0.06177617956792369,
            0.22242589776593055,
            0.15226468142670707,
            -0.018972898760076927,
            0.4758794810505912,
            0.39615790523353406,
            1.0
          ]
        ],
        "synth_correlation": [
          [
            1.0,
            -0.035437874866117706,
            0.056074049868490725,
            -0.03298147685112458,
            0.03818503439368321,
            -0.020832282469792962,
            -0.03587596130560421,
            -0.04788808418021693,
            0.09875904844431715,
            0.06588196356279365
          ],
          [
            -0.035437874866117706,
            1.0,
            0.012054578978540573,
            -0.017129983385466223,
            0.01227669345317424,
            0.01489652506639889,
            0.07740803263204177,
            -0.02792678216901189,
            -0.026735137501976924,
            0.0728173250053847
          ],
          [
            0.056074049868490725,
            0.012054578978540573,
            1.0,
            -0.051551588859380965,
            0.030280590837444336,
            0.13055485182285717,
            -0.014993042211478642,
            0.019385344857140312,
            0.02414082472447303,
            0.0034105730269077287
          ],
          [
            -0.03298147685112458,
            -0.017129983385466223,
            -0.051551588859380965,
            1.0,
            -0.02310664283101845,
            0.0922155329291081,
            0.04499320010057788,
            0.020825962498762864,
            -0.014836279604039347,
            -0.04453318799462942
          ],
          [
            0.03818503439368321,
            0.01227669345317424,
            0.030280590837444336,
            -0.02310664283101845,
            1.0,
            0.04897545536288705,
            0.003936982093483159,
            0.006801975320877566,
            0.0027877399761586288,
            0.04728851077221545
          ],
          [
            -0.020832282469792962,
            0.01489652506639889,
            0.13055485182285717,
            0.0922155329291081,
            0.04897545536288705,
            1.0,
            0.039785517801013345,
            0.028032953865309965,
            0.025951727646857835,
            -0.05544391998321981
          ],
          [
            -0.03587596130560421,
            0.07740803263204177,
            -0.014993042211478642,
            0.04499320010057788,
            0.003936982093483159,
            0.039785517801013345,
            1.0,
            -0.002049042772558172,
            0.038819141114471496,
            -0.0012697677662301288
          ],
          [
            -0.04788808418021693,
            -0.02792678216901189,
            0.019385344857140312,
            0.020825962498762864,
            0.006801975320877566,
            0.028032953865309965,
            -0.002049042772558172,
            1.0,
            0.09018388574139483,
            0.022064905188506283
          ],
          [
            0.09875904844431715,
            -0.026735137501976924,
            0.02414082472447303,
            -0.014836279604039347,
            0.0027877399761586288,
            0.025951727646857835,
            0.038819141114471496,
            0.09018388574139483,
            1.0,
            -0.045005136106831004
          ],
          [
            0.06588196356279365,
            0.0728173250053847,
            0.0034105730269077287,
            -0.04453318799462942,
            0.04728851077221545,
            -0.05544391998321981,
            -0.0012697677662301288,
            0.022064905188506283,
            -0.045005136106831004,
            1.0
          ]
        ],
        "delta_correlation": [
          [
            0.0,
            0.09137134497361943,
            0.046076642976082896,
            0.051377172334292134,
            0.005802417862954164,
            0.010774638869700311,
            0.03435083278366269,
            0.4237596187837901,
            0.14662108720829772,
            0.2378923291742221
          ],
          [
            0.09137134497361943,
            0.0,
            0.017695523564903795,
            0.02538691891801832,
            0.013758521768460333,
            0.014698358185200627,
            0.08869908896522834,
            0.2992241622165599,
            0.6084913840823909,
            0.13750782404495676
          ],
          [
            0.046076642976082896,
            0.017695523564903795,
            0.0,
            0.0594713797606285,
            0.0058870530425299585,
            0.16336838402872644,
            0.010642925049897466,
            0.04483273544927624,
            0.03736479659660853,
            0.009969224860201895
          ],
          [
            0.051377172334292134,
            0.02538691891801832,
            0.0594713797606285,
            0.0,
            0.004366571927043424,
            0.07178285205581016,
            0.008653275415404553,
            0.06994420469045078,
            0.09229835341561157,
            0.1063093675625531
          ],
          [
            0.005802417862954164,
            0.013758521768460333,
            0.0058870530425299585,
            0.004366571927043424,
            0.0,
            0.05908794221656926,
            0.05643668107168236,
            0.24746407983326324,
            0.1162850084382602,
            0.17513738699371512
          ],
          [
            0.010774638869700311,
            0.014698358185200627,
            0.16336838402872644,
            0.07178285205581016,
            0.05908794221656926,
            0.0,
            0.029744694078698376,
            0.0829360734286619,
            0.05328094852640092,
            0.2077086014099269
          ],
          [
            0.03435083278366269,
            0.08869908896522834,
            0.010642925049897466,
            0.008653275415404553,
            0.05643668107168236,
            0.029744694078698376,
            0.0,
            0.01660412841789392,
            0.06168235114501445,
            0.017703130993846797
          ],
          [
            0.4237596187837901,
            0.2992241622165599,
            0.04483273544927624,
            0.06994420469045078,
            0.24746407983326324,
            0.0829360734286619,
            0.01660412841789392,
            0.0,
            0.41406358134523624,
            0.4538145758620849
          ],
          [
            0.14662108720829772,
            0.6084913840823909,
            0.03736479659660853,
            0.09229835341561157,
            0.1162850084382602,
            0.05328094852640092,
            0.06168235114501445,
            0.41406358134523624,
            0.0,
            0.44116304134036505
          ],
          [
            0.2378923291742221,
            0.13750782404495676,
            0.009969224860201895,
            0.1063093675625531,
            0.17513738699371512,
            0.2077086014099269,
            0.017703130993846797,
            0.4538145758620849,
            0.44116304134036505,
            0.0
          ]
        ],
        "mean_absolute_error": 0.10743,
        "max_absolute_error": 0.608491,
        "columns": [
          "age",
          "blood_pressure_systolic",
          "blood_pressure_diastolic",
          "cholesterol",
          "bmi",
          "glucose",
          "heart_rate",
          "diabetes",
          "hypertension",
          "heart_disease"
        ]
      },
      "correlation_quality_score": 78.51
    },
    "created_at": "2026-05-05T02:37:09.610741+00:00"
  },
  "ml_job_81d08445efa0c353": {
    "id": "ml_job_81d08445efa0c353",
    "type": "ml_utility",
    "dataset_id": "ds_21ea1a7de5d91a00",
    "data": {
      "target_column": "heart_disease",
      "target_classes": 2,
      "real_train_size": 800,
      "real_test_size": 200,
      "synthetic_size": 500,
      "feature_count": 11,
      "feature_names": [
        "age",
        "gender",
        "blood_pressure_systolic",
        "blood_pressure_diastolic",
        "cholesterol",
        "bmi",
        "glucose",
        "heart_rate",
        "smoking_status",
        "diabetes",
        "hypertension"
      ],
      "results": {
        "trtr_rf": {
          "accuracy": 0.78,
          "f1_score": 0.7241,
          "precision": 0.7217,
          "recall": 0.7268,
          "roc_auc": 0.8383,
          "roc_curve": {
            "fpr": [
              0.0,
              0.0,
              0.0068,
              0.0068,
              0.0137,
              0.0137,
              0.0274,
              0.0274,
              0.0342,
              0.0342,
              0.0479,
              0.0479,
              0.0548,
              0.0548,
              0.0685,
              0.0685,
              0.0959,
              0.0959,
              0.1164,
              0.1164,
